[main]
v4opt=eJwlz8ENwDAIQ9F7pe5CEmJg/8Va+Z+eCGCUjLvv++SPoGBMLnPTaMMBHpvJCWBhyBxnKrynVdBmBzhFxylKetfrEiPisan6AGFNb0jhrDhb0eDoqgKqTrhAj7DiDzUbDnivI2DBP/IBLcEy6g==
build=1510
setup=40525
Lang=Chinese Simplified.dlf
Options=1001000010000010011010011111111000000101111101110000000010000000000100110010011041100000000210010111111113001111010100001001000000000000000010400001131
LSS=130DC50A5FB15AFC4AA6
PIDX=23
ActClr=65535
CB2=0
CB3=16711680
CB4=32768
CB5=255
CB6=128
CB7=-2147483643
CB8=53970
CB9=65535
CB10=128
CB11=4227327
CB15=16444634
CB17=-2147483643
CB18=-2147483633
view=1
edit=1
MIPrCol=25
Email=flashfxp-user@flashfxp.com
Download Directory=C:\Project\BBG\
ConnectTimeout=40
TSTO=60
RetryDelay=120
Status Size=400
RetryCount=10
Queue=101
MLS=1
NOL=0
Idle Time=120
Anti-Cmd=0
KALV=30
LogFolder=C:\Setup\Hyperion\FlashFXP\FlashFXP\Logs\
ECA=30
SPS=0
RPS=17
RF_UPLD=3
RF_DNLD=3
RF_FXP=0
tbCapFTP=FlashFXP %s %ttr %p %n
tbCapFXP=FlashFXP %ttr %te %n
DSL=25
USL=25
Identd User=
Identd SYS=UNIX
Identd Port=113
LoPort=1024
HiPort=2048
BindIP=
QHistoryMax=50
SftpCipherList=18=c5=c17=c6=c16=c7=c19=c0=c20=c1=c28=c13=c15=u26=u23=u30=u8=u2=u25=u9=u22=u3=u21=u24=u4=u10=u29=u27=u12=u11=u14=u
SftpMACList=0=c2=c1=c3=c5=c6=c7=c8=c9=c10=c11=c12=c13=c4=u

[LiveUpdate]
Interval=15
X=2724
Last=42558
Check=1
Address=
Port=80
user=
pass=
beta=0
mode=1

[Graph]
V=0
H=49
1=16711680
2=-2147483640
3=-2147483626
4=-2147483627
5=16777215
6=-2147483633
7=3
8=1
9=1
M=2
MVT=0
MV=
COC=0
GH=0

[window]
Left=124
Top=23
Width=1020
Height=640
State=1
TS=0.311859428882599
BS=0.348462671041489
CS=0.801204800605774
THP=426
RTS=0.5
LTS=0.5
zh-CN.AppFont="Tahoma", 9, [], , 134
zh-CN.Font="SimSun", 9, [], , 134
zh-CN.StatusFont="SimSun", 9, [], , 134
zh-CN.QueueFont="SimSun", 9, [], , 134
zh-CN.GraphFont="SimSun", 9, [], , 134

[SiteManager]
Left=354
Top=103
Width=626
Height=467
State=0

[QueueWindow]
Left=0
Top=0
Width=555
Height=268
State=0

[SshHostKeys]
10.184.16.155:22=6f619add2f4d027c15cfa2a7cf030d4985df04b5
10.185.16.67:22=648726095b71bdb217b9d772dfdf8ea7222edc71
192.168.7.54:22=1f826188d485140837d42e6214727da50494869b
192.168.7.52:22=48bed53e41f6230b31119ce3f2343b21e98edaa1
192.168.7.81:22=bf5312ec50b4399163dc819a992e04fd6ed319dd
rtktstap:22=b50f59c3060a90c66da1b5f98fee994e724172fd
192.168.7.120:22=0cf7b3ed428594979562f2b29df9b39be15e0a98
192.168.100.91:22=29277570646498e92985081819caf606f6382f44
192.168.7.124:22=d8ebd9344ee072d1da2e5e1459fc351c5951b957

[statuswin]
Left=387
Top=292
Width=592
Height=406
State=0
Font="Microsoft Sans Serif", 8, [], , 134
Color=-2147483643
OnTop=0
Wrap=0

[SESDlg]
Left=500
Top=220
Width=584
Height=402
State=0
OnTop=0
Wrap=0

[AE]
Left=524
Top=243
Width=302
Height=203
State=0

[confirm]
Options=11111111

[list]
Custom=

[sounds]
Active=1

[proxy]
SKA=0

[toolbar]
modern=1
back=
button=
Navbutton=

[CmdWindow]
Y=0.629999995231628
W=476
H=392

[SITE_MRU]
1=aws_linux
2=RPAS_PX
3=raap1
4=retek1
5=Yaphet
6=retektempdev
7=192.168.100.91
8=192.168.7.124
9=rtktstdb
10=rtktstap
11=41389.6297668519192.168.7.124
12=41389.6278354861192.168.100.91
13=retek2
14=10.184.16.155_ROOT
15=41157.729030983810.185.16.67
