[41323.4737573611192.168.7.120]
IP=192.168.7.120
port=21
user=oracle
pass=61E466F46AE565
retry=10
delay=120
options=3003333000033001103000010003333000001002000133
created=41323.4737573611
Proxy=0

[41389.6269890972192.168.100.91]
IP=192.168.100.91
port=21
user=oracle
pass=5DE077D00C4281D030
retry=10
delay=120
options=3003333000033001103000010003333000001002000133
created=41389.6269890972
Proxy=0

[41389.6276001157192.168.100.91]
IP=192.168.100.91
port=22
user=oracle
pass=F9459B3BA62FB22E6D
retry=10
delay=120
options=3003333000033001103000010003333000001012000133
created=41389.6276001157
Proxy=0

[41389.6297668519192.168.7.124]
IP=192.168.7.124
port=22
user=oracle
options=3003333000033001103000010003333000001012000133
created=41389.6297668519
Proxy=0
SftpCipherList=18=c5=c17=c6=c16=c7=c19=c0=c20=c1=c28=c13=c15=u26=u23=u30=u8=u2=u25=u9=u22=u3=u21=u24=u4=u10=u29=u27=u12=u11=u14=u
SftpMACList=0=c2=c5=c7=c1=c3=c6=c8=c9=c10=c11=c12=c13=c4=u
pass=C7034496C11752
DSL=25
USL=25
CLP=
TZ=-1
SPS=0
RPS=0
ID=5E12C0B9
