[#Total#]
LR=40525.3796884028
TC=298
FD=10695525239
FU=2030977079

[41389.6297668519192.168.7.124]
TC=5
LC=41391.8091789005
FU=1104519168

[RPAS_PX]
TC=15
LC=42360.6150526852
FU=1108931
FD=669537
